kinematics:
  shoulder:
    x: 0
    y: 0
    z: 0.089405491799768894
    roll: -0
    pitch: 0
    yaw: -8.0999967082323207e-06
  upper_arm:
    x: -5.0648445518760813e-05
    y: 0
    z: 0
    roll: 1.5700556350256551
    pitch: 0
    yaw: -3.9395545857523473e-05
  forearm:
    x: -0.4257556443524193
    y: 0
    z: 0
    roll: 0.0012896151885410329
    pitch: 0.0028423070742100548
    yaw: -6.9649215237721821e-05
  wrist_1:
    x: -0.39242739020317763
    y: -0.00043198785557511943
    z: 0.11067499200080967
    roll: 0.0039031912629865916
    pitch: -0.00047851293105148065
    yaw: -7.7778363419589262e-05
  wrist_2:
    x: 5.5943119805937025e-05
    y: -0.094757332349678439
    z: 2.2614216338237791e-05
    roll: 1.5705576728000221
    pitch: 0
    yaw: -3.6681831030163856e-05
  wrist_3:
    x: -3.8771618774430991e-05
    y: 0.082588493040294086
    z: 2.3349481778105538e-06
    roll: 1.570824598871202
    pitch: 3.1415926535897931
    yaw: -3.1415497493414182
  hash: calib_15018338029493373941
