kinematics:
  shoulder:
    x: 0
    y: 0
    z: 0.15180477420271069
    roll: -0
    pitch: 0
    yaw: 4.6687277147622677e-05
  upper_arm:
    x: -0.00010740932977923342
    y: 0
    z: 0
    roll: 1.5695506492358891
    pitch: 0
    yaw: 6.0777952647828716e-05
  forearm:
    x: -0.24363752662763399
    y: 0
    z: 0
    roll: 3.1409692880791966
    pitch: 3.1415661446179532
    yaw: -3.1415741215270798
  wrist_1:
    x: -0.21316502062197734
    y: -0.00039716835899649935
    z: 0.11245727092015555
    roll: 0.0035317121289980091
    pitch: 0.0017895093912807354
    yaw: -1.451009222552176e-05
  wrist_2:
    x: 3.4280961982576921e-05
    y: -0.085347375684466473
    z: -9.8235377336391392e-05
    roll: 1.5719473327065294
    pitch: 0
    yaw: 7.0480676893391533e-05
  wrist_3:
    x: -4.0684410231054312e-05
    y: 0.082256729990799637
    z: -0.00010297241659379923
    roll: 1.5695444856043248
    pitch: 3.1415926535897931
    yaw: -3.1415881881830385
  hash: calib_4787174618718364909